Loc: 44.212405, -122.255227 //latitude, longitude
NE: 44.374967, -121.831035
NW: 44.386871, -122.459076
SW: 43.979043, -122.467666 
SE: 43.983721, -121.849380 